Edad	Apariciones	Victorias	Derrotas	Goles	Goles_de_cabeza	Goles_con_pie_derecho	Goles_con_pie_izquierdo	Tiros_al_palo	Entradas	Éxito_entradas_%	Disparos_bloqueados	Intercepciones	Despejes	Despejes_de_cabeza	Recuperaciones	Duelos_ganados	Duelos_perdidos	Duelos_50_50_exitosos	Duelos_aéreos_ganados	Duelos_aéreos_perdidos	Asistencias	Pases	Pases_por_partido	Ocasiones_claras_creadas	Centros	Tarjetas_amarillas	Faltas	Fueras_de_juego
25.0	160	90	37	7	0.0	4.0	3.0	3.0	214.0	78.0	32.0	208.0	304.0	143.0	732.0	611.0	709.0	196.0	161.0	215.0	18	7125	44.53	28.0	389.0	23	125	8.0
23.0	16	7	5	1	0.0	0.0	1.0	0.0	21.0	81.0	1.0	12.0	32.0	12.0	63.0	55.0	38.0	12.0	10.0	16.0	1	519	32.44	1.0	45.0	2	9	0.0
19.0	0	0	0	0	0.0	0.0	0.0	0.0	0.0	0.0	0.0	0.0	0.0	0.0	0.0	0.0	0.0	0.0	0.0	0.0	0	0	0.0	0.0	0.0	0	0	0.0
32.0	44	21	11	3	1.0	2.0	0.0	1.0	67.0	61.0	4.0	43.0	175.0	82.0	173.0	227.0	160.0	11.0	115.0	73.0	2	2416	54.91	4.0	1.0	18	56	1.0
25.0	41	25	9	0	0.0	0.0	0.0	0.0	50.0	70.0	3.0	54.0	170.0	92.0	192.0	176.0	142.0	19.0	96.0	64.0	0	2200	53.66	0.0	3.0	8	32	0.0
28.0	99	52	26	7	6.0	1.0	0.0	2.0	197.0	73.0	14.0	195.0	531.0	345.0	455.0	670.0	416.0	26.0	413.0	218.0	4	5907	59.67	5.0	45.0	28	117	7.0
25.0	139	47	57	6	1.0	4.0	1.0	1.0	257.0	70.0	22.0	247.0	537.0	301.0	735.0	703.0	619.0	93.0	301.0	240.0	3	5935	42.7	9.0	210.0	28	137	2.0
33.0	194	113	38	13	6.0	6.0	1.0	5.0	240.0	74.0	59.0	344.0	832.0	443.0	1042.0	846.0	680.0	80.0	344.0	256.0	7	10165	52.4	22.0	67.0	40	212	5.0
27.0	78	40	22	2	0.0	0.0	2.0	1.0	112.0	66.0	11.0	72.0	111.0	68.0	365.0	284.0	264.0	41.0	97.0	80.0	11	3201	41.04	18.0	123.0	12	74	16.0
22.0	2	2	0	1	0.0	0.0	0.0	0.0	2.0	2.0	0.0	2.0	8.0	7.0	6.0	8.0	7.0	0.0	4.0	3.0	0	197	98.5	0.0	0.0	0	3	0.0
31.0	184	100	39	33	4.0	4.0	25.0	7.0	161.0	68.0	58.0	75.0	37.0	13.0	778.0	625.0	744.0	248.0	28.0	83.0	54	11186	60.79	65.0	834.0	13	95	83.0
24.0	63	28	15	3	0.0	3.0	0.0	1.0	96.0	57.0	10.0	75.0	53.0	22.0	327.0	276.0	212.0	30.0	32.0	47.0	3	2493	39.57	3.0	40.0	14	62	0.0
23.0	54	26	16	1	0.0	1.0	0.0	1.0	101.0	62.0	3.0	62.0	66.0	29.0	223.0	218.0	207.0	58.0	29.0	38.0	3	1867	34.57	4.0	57.0	6	35	1.0
28.0	47	29	10	0	0.0	0.0	0.0	0.0	57.0	54.0	22.0	41.0	41.0	15.0	211.0	109.0	107.0	11.0	18.0	34.0	3	2532	53.87	2.0	30.0	7	24	2.0
21.0	33	12	12	1	0.0	1.0	0.0	0.0	30.0	60.0	4.0	6.0	10.0	4.0	64.0	75.0	76.0	21.0	9.0	18.0	1	398	12.06	1.0	9.0	2	13	0.0
21.0	57	24	17	0	0.0	0.0	0.0	1.0	75.0	56.0	11.0	59.0	58.0	29.0	284.0	263.0	217.0	47.0	31.0	40.0	1	2750	48.25	4.0	21.0	15	41	0.0
20.0	2	0	1	0	0.0	0.0	0.0	0.0	1.0	100.0	0.0	1.0	2.0	2.0	5.0	4.0	4.0	2.0	0.0	0.0	0	35	17.5	0.0	1.0	0	0	0.0
27.0	132	70	33	8	0.0	0.0	8.0	2.0	254.0	66.0	40.0	133.0	208.0	129.0	885.0	650.0	607.0	69.0	181.0	173.0	13	9739	73.78	12.0	274.0	35	196	2.0
24.0	26	14	6	0	0.0	0.0	0.0	0.0	49.0	51.0	6.0	37.0	14.0	9.0	163.0	127.0	129.0	30.0	12.0	26.0	3	1372	52.77	2.0	71.0	1	21	0.0
19.0	14	3	3	3	0.0	3.0	0.0	0.0	20.0	75.0	2.0	3.0	5.0	4.0	34.0	46.0	92.0	9.0	8.0	37.0	0	116	8.29	0.0	22.0	1	9	2.0
31.0	145	48	62	0	0.0	0.0	0.0	0.0	266.0	76.0	14.0	241.0	350.0	133.0	614.0	493.0	454.0	46.0	94.0	142.0	5	5491	37.87	6.0	255.0	21	121	3.0
22.0	26	8	12	2	1.0	1.0	0.0	0.0	19.0	53.0	3.0	27.0	70.0	26.0	106.0	116.0	81.0	7.0	56.0	48.0	2	810	31.15	2.0	13.0	3	17	1.0
25.0	72	24	28	2	1.0	0.0	1.0	1.0	122.0	66.0	8.0	124.0	156.0	61.0	297.0	274.0	239.0	21.0	84.0	84.0	6	2240	31.11	13.0	250.0	8	41	2.0
26.0	17	3	12	1	1.0	0.0	0.0	0.0	11.0	55.0	0.0	28.0	85.0	42.0	53.0	71.0	39.0	1.0	55.0	27.0	0	647	38.06	0.0	2.0	1	5	1.0
25.0	25	7	13	0	0.0	0.0	0.0	0.0	74.0	58.0	2.0	49.0	62.0	26.0	104.0	164.0	172.0	23.0	48.0	68.0	2	749	29.96	1.0	91.0	7	36	2.0
33.0	183	48	91	6	4.0	2.0	0.0	4.0	267.0	77.0	19.0	246.0	342.0	162.0	909.0	960.0	866.0	128.0	444.0	410.0	13	6628	36.22	19.0	916.0	12	152	13.0
25.0	18	3	11	1	0.0	1.0	0.0	0.0	21.0	43.0	2.0	20.0	94.0	51.0	109.0	138.0	77.0	9.0	100.0	35.0	0	799	44.39	1.0	0.0	3	24	1.0
27.0	51	13	27	2	0.0	0.0	2.0	0.0	30.0	83.0	1.0	49.0	253.0	111.0	270.0	162.0	113.0	18.0	96.0	69.0	3	1961	38.45	2.0	10.0	8	30	2.0
23.0	1	1	0	0	0.0	0.0	0.0	0.0	1.0	1.0	2.0	2.0	4.0	1.0	5.0	1.0	2.0	0.0	0.0	2.0	0	56	56.0	0.0	6.0	1	0	0.0
22.0	37	10	20	3	0.0	2.0	1.0	0.0	46.0	52.0	17.0	36.0	47.0	18.0	211.0	150.0	163.0	36.0	31.0	36.0	2	1300	35.14	3.0	25.0	8	51	0.0
25.0	29	7	15	3	0.0	0.0	3.0	2.0	53.0	66.0	12.0	26.0	15.0	6.0	157.0	193.0	185.0	53.0	19.0	35.0	3	759	26.17	3.0	67.0	4	38	0.0
29.0	13	4	8	0	0.0	0.0	0.0	0.0	7.0	43.0	1.0	1.0	2.0	0.0	14.0	10.0	16.0	0.0	2.0	6.0	0	115	8.85	0.0	2.0	1	5	1.0
25.0	71	17	42	9	0.0	6.0	3.0	2.0	45.0	71.0	33.0	44.0	17.0	6.0	293.0	419.0	293.0	122.0	29.0	42.0	7	2098	29.55	12.0	202.0	9	47	6.0
26.0	29	7	16	0	0.0	0.0	0.0	0.0	55.0	51.0	0.0	39.0	32.0	7.0	155.0	115.0	110.0	14.0	23.0	29.0	0	782	26.97	0.0	4.0	5	26	0.0
29.0	28	8	13	3	0.0	0.0	3.0	1.0	16.0	63.0	13.0	9.0	27.0	10.0	73.0	54.0	50.0	4.0	14.0	9.0	5	665	23.75	8.0	124.0	4	15	4.0
25.0	35	9	19	6	0.0	5.0	1.0	2.0	40.0	45.0	22.0	27.0	14.0	9.0	80.0	134.0	175.0	30.0	32.0	48.0	1	388	11.09	0.0	73.0	2	39	6.0
25.0	34	7	19	4	0.0	4.0	0.0	2.0	20.0	55.0	11.0	13.0	12.0	6.0	75.0	97.0	151.0	29.0	31.0	57.0	4	479	14.09	4.0	107.0	3	20	12.0
29.0	10	2	7	0	0.0	0.0	0.0	0.0	3.0	33.0	4.0	3.0	5.0	1.0	26.0	13.0	25.0	7.0	1.0	2.0	1	93	9.3	1.0	2.0	0	6	0.0
19.0	0	0	0	0	0.0	0.0	0.0	0.0	0.0	0.0	0.0	0.0	0.0	0.0	0.0	0.0	0.0	0.0	0.0	0.0	0	0	0.0	0.0	0.0	0	0	0.0
22.0	2	1	1	0	0.0	0.0	0.0	0.0	2.0	100.0	0.0	2.0	2.0	1.0	5.0	8.0	5.0	1.0	4.0	3.0	0	101	50.5	0.0	1.0	0	2	0.0
19.0	11	4	4	0	0.0	0.0	0.0	0.0	12.0	83.0	2.0	23.0	16.0	8.0	41.0	57.0	51.0	17.0	5.0	10.0	2	243	22.09	4.0	27.0	3	16	0.0
28.0	112	28	49	6	3.0	3.0	0.0	1.0	151.0	56.0	16.0	173.0	547.0	304.0	725.0	560.0	362.0	15.0	345.0	192.0	5	5364	47.89	3.0	10.0	21	80	1.0
25.0	33	8	13	3	2.0	1.0	0.0	0.0	33.0	55.0	3.0	48.0	112.0	55.0	184.0	179.0	108.0	14.0	114.0	68.0	1	2001	60.64	2.0	6.0	4	14	0.0
25.0	36	9	16	0	0.0	0.0	0.0	0.0	89.0	66.0	5.0	40.0	86.0	49.0	169.0	212.0	109.0	22.0	75.0	38.0	1	1115	30.97	3.0	48.0	5	20	6.0
28.0	44	11	19	0	0.0	0.0	0.0	1.0	73.0	64.0	5.0	51.0	203.0	129.0	175.0	270.0	191.0	19.0	165.0	68.0	0	1792	40.73	2.0	51.0	5	38	3.0
28.0	0	0	0	0	0.0	0.0	0.0	0.0	0.0	0.0	0.0	0.0	0.0	0.0	0.0	0.0	0.0	0.0	0.0	0.0	0	0	0.0	0.0	0.0	0	0	0.0
20.0	0	0	0	0	0.0	0.0	0.0	0.0	0.0	0.0	0.0	0.0	0.0	0.0	0.0	0.0	0.0	0.0	0.0	0.0	0	0	0.0	0.0	0.0	0	0	0.0
20.0	0	0	0	0	0.0	0.0	0.0	0.0	0.0	0.0	0.0	0.0	0.0	0.0	0.0	0.0	0.0	0.0	0.0	0.0	0	0	0.0	0.0	0.0	0	0	0.0
18.0	0	0	0	0	0.0	0.0	0.0	0.0	0.0	0.0	0.0	0.0	0.0	0.0	0.0	0.0	0.0	0.0	0.0	0.0	0	0	0.0	0.0	0.0	0	0	0.0
31.0	99	24	45	1	0.0	0.0	1.0	1.0	261.0	63.0	16.0	167.0	152.0	90.0	724.0	402.0	445.0	35.0	73.0	75.0	5	4785	48.33	4.0	6.0	20	136	0.0
24.0	52	13	26	1	0.0	1.0	0.0	1.0	115.0	63.0	11.0	57.0	48.0	23.0	239.0	285.0	261.0	79.0	48.0	49.0	0	1441	27.71	1.0	14.0	9	74	2.0
21.0	9	3	2	0	0.0	0.0	0.0	0.0	9.0	56.0	3.0	1.0	1.0	0.0	15.0	17.0	22.0	2.0	3.0	5.0	0	98	10.89	0.0	23.0	0	4	1.0
29.0	93	20	42	12	2.0	9.0	1.0	1.0	101.0	50.0	29.0	37.0	48.0	15.0	313.0	216.0	387.0	21.0	49.0	123.0	15	2937	31.58	35.0	522.0	7	67	22.0
32.0	198	98	50	30	1.0	12.0	15.0	8.0	322.0	75.0	91.0	166.0	126.0	49.0	839.0	886.0	1078.0	209.0	120.0	249.0	28	6407	32.36	25.0	489.0	17	142	57.0
26.0	92	21	42	2	1.0	0.0	1.0	2.0	140.0	56.0	31.0	62.0	66.0	24.0	345.0	372.0	456.0	116.0	52.0	124.0	7	1971	21.42	13.0	329.0	6	70	15.0
29.0	100	24	44	2	1.0	1.0	0.0	2.0	187.0	57.0	22.0	151.0	134.0	54.0	673.0	456.0	472.0	112.0	112.0	89.0	7	4384	43.84	7.0	67.0	8	105	3.0
21.0	0	0	0	0	0.0	0.0	0.0	0.0	0.0	0.0	0.0	0.0	0.0	0.0	0.0	0.0	0.0	0.0	0.0	0.0	0	0	0.0	0.0	0.0	0	0	0.0
21.0	0	0	0	0	0.0	0.0	0.0	0.0	0.0	0.0	0.0	0.0	0.0	0.0	0.0	0.0	0.0	0.0	0.0	0.0	0	0	0.0	0.0	0.0	0	0	0.0
19.0	0	0	0	0	0.0	0.0	0.0	0.0	0.0	0.0	0.0	0.0	0.0	0.0	0.0	0.0	0.0	0.0	0.0	0.0	0	0	0.0	0.0	0.0	0	0	0.0
20.0	0	0	0	0	0.0	0.0	0.0	0.0	0.0	0.0	0.0	0.0	0.0	0.0	0.0	0.0	0.0	0.0	0.0	0.0	0	0	0.0	0.0	0.0	0	0	0.0
31.0	172	49	83	2	0.0	1.0	1.0	0.0	415.0	66.0	6.0	317.0	697.0	296.0	732.0	796.0	601.0	95.0	198.0	147.0	12	5463	31.76	18.0	428.0	35	144	1.0
27.0	74	23	33	0	0.0	0.0	0.0	0.0	111.0	50.0	1.0	86.0	186.0	105.0	377.0	411.0	285.0	68.0	144.0	104.0	2	2249	30.39	3.0	238.0	8	39	3.0
27.0	123	48	50	5	1.0	1.0	2.0	1.0	202.0	59.0	13.0	166.0	691.0	412.0	472.0	861.0	442.0	34.0	540.0	233.0	3	3839	31.21	7.0	15.0	24	119	12.0
31.0	166	49	77	4	3.0	1.0	0.0	4.0	240.0	60.0	13.0	260.0	1082.0	652.0	911.0	986.0	624.0	35.0	609.0	399.0	4	6088	36.67	7.0	70.0	36	118	6.0
32.0	194	61	79	1	0.0	0.0	1.0	0.0	538.0	73.0	11.0	354.0	620.0	312.0	899.0	1142.0	892.0	63.0	324.0	230.0	11	6880	35.46	17.0	455.0	34	300	5.0
35.0	300	100	130	7	0.0	6.0	1.0	2.0	728.0	78.0	56.0	423.0	1081.0	382.0	1154.0	1395.0	990.0	104.0	302.0	284.0	5	9247	30.82	17.0	660.0	78	327	5.0
30.0	35	8	14	1	1.0	0.0	0.0	1.0	63.0	68.0	6.0	34.0	214.0	119.0	130.0	236.0	160.0	3.0	139.0	105.0	3	1038	29.66	4.0	2.0	1	28	1.0
22.0	1	0	1	1	1.0	0.0	0.0	0.0	0.0	0.0	0.0	2.0	8.0	4.0	3.0	9.0	2.0	0.0	7.0	0.0	0	25	25.0	0.0	0.0	0	1	0.0
19.0	0	0	0	0	0.0	0.0	0.0	0.0	0.0	0.0	0.0	0.0	0.0	0.0	0.0	0.0	0.0	0.0	0.0	0.0	0	0	0.0	0.0	0.0	0	0	0.0
20.0	0	0	0	0	0.0	0.0	0.0	0.0	0.0	0.0	0.0	0.0	0.0	0.0	0.0	0.0	0.0	0.0	0.0	0.0	0	0	0.0	0.0	0.0	0	0	0.0
31.0	264	96	105	8	3.0	3.0	2.0	2.0	466.0	71.0	43.0	400.0	477.0	207.0	1565.0	1312.0	1335.0	184.0	393.0	479.0	9	11059	41.89	11.0	151.0	32	211	13.0
29.0	96	28	44	7	2.0	0.0	5.0	8.0	93.0	61.0	32.0	91.0	90.0	33.0	386.0	313.0	369.0	63.0	93.0	115.0	17	1750	18.23	12.0	439.0	5	41	6.0
24.0	11	5	3	0	0.0	0.0	0.0	0.0	15.0	53.0	3.0	19.0	17.0	8.0	52.0	52.0	42.0	8.0	21.0	20.0	0	368	33.45	0.0	3.0	2	8	0.0
28.0	142	37	77	9	0.0	2.0	7.0	7.0	241.0	73.0	54.0	136.0	214.0	97.0	578.0	596.0	572.0	129.0	136.0	111.0	12	3280	23.1	23.0	724.0	15	117	13.0
30.0	222	65	106	9	0.0	9.0	0.0	1.0	336.0	68.0	48.0	321.0	241.0	62.0	1309.0	586.0	616.0	36.0	94.0	124.0	25	9880	44.5	39.0	657.0	38	195	2.0
20.0	0	0	0	0	0.0	0.0	0.0	0.0	0.0	0.0	0.0	0.0	0.0	0.0	0.0	0.0	0.0	0.0	0.0	0.0	0	0	0.0	0.0	0.0	0	0	0.0
27.0	80	45	21	5	5.0	0.0	0.0	1.0	93.0	59.0	15.0	72.0	252.0	139.0	522.0	341.0	289.0	15.0	199.0	153.0	1	5738	71.72	5.0	18.0	14	73	3.0
29.0	140	87	32	20	4.0	2.0	14.0	11.0	288.0	68.0	63.0	215.0	369.0	184.0	831.0	800.0	639.0	90.0	286.0	213.0	12	6434	45.96	17.0	428.0	25	125	16.0
24.0	59	29	18	0	0.0	0.0	0.0	2.0	76.0	51.0	3.0	74.0	193.0	107.0	300.0	254.0	143.0	10.0	145.0	97.0	0	3213	54.46	2.0	0.0	6	35	1.0
25.0	143	60	49	5	4.0	1.0	0.0	2.0	160.0	69.0	13.0	225.0	653.0	352.0	574.0	681.0	328.0	50.0	413.0	163.0	4	5767	40.33	2.0	20.0	10	87	6.0
20.0	26	15	8	1	0.0	1.0	0.0	1.0	43.0	67.0	6.0	26.0	27.0	13.0	108.0	137.0	121.0	31.0	42.0	44.0	3	1104	42.46	6.0	120.0	1	24	1.0
31.0	272	158	56	8	2.0	6.0	0.0	1.0	722.0	73.0	29.0	475.0	788.0	416.0	1376.0	1400.0	977.0	69.0	475.0	375.0	31	15647	57.53	32.0	577.0	23	240	10.0
22.0	17	9	5	1	0.0	1.0	0.0	0.0	32.0	53.0	1.0	24.0	53.0	26.0	102.0	81.0	49.0	9.0	34.0	29.0	0	1193	70.18	0.0	4.0	3	8	1.0
26.0	30	11	14	0	0.0	0.0	0.0	1.0	43.0	58.0	6.0	28.0	31.0	17.0	104.0	122.0	74.0	27.0	25.0	21.0	1	1285	42.83	3.0	97.0	3	15	2.0
23.0	99	40	36	4	0.0	1.0	3.0	1.0	157.0	63.0	10.0	117.0	261.0	148.0	529.0	637.0	542.0	111.0	261.0	189.0	9	4540	45.86	12.0	337.0	10	81	8.0
36.0	0	0	0	0	0.0	0.0	0.0	0.0	0.0	0.0	0.0	0.0	0.0	0.0	0.0	0.0	0.0	0.0	0.0	0.0	0	0	0.0	0.0	0.0	0	0	0.0
20.0	0	0	0	0	0.0	0.0	0.0	0.0	0.0	0.0	0.0	0.0	0.0	0.0	0.0	0.0	0.0	0.0	0.0	0.0	0	0	0.0	0.0	0.0	0	0	0.0
27.0	0	0	0	0	0.0	0.0	0.0	0.0	0.0	0.0	0.0	0.0	0.0	0.0	0.0	0.0	0.0	0.0	0.0	0.0	0	0	0.0	0.0	0.0	0	0	0.0
28.0	70	37	18	7	0.0	7.0	0.0	0.0	147.0	54.0	9.0	130.0	64.0	29.0	533.0	256.0	306.0	28.0	29.0	60.0	3	5482	78.31	12.0	12.0	18	63	0.0
29.0	166	98	35	10	0.0	6.0	4.0	0.0	540.0	65.0	46.0	420.0	184.0	77.0	1320.0	922.0	920.0	190.0	123.0	204.0	10	8952	53.93	15.0	86.0	22	218	7.0
26.0	202	91	59	25	2.0	16.0	7.0	10.0	172.0	73.0	145.0	76.0	108.0	85.0	755.0	973.0	1048.0	376.0	170.0	168.0	27	7686	38.05	32.0	322.0	18	155	19.0
24.0	78	35	22	9	2.0	6.0	1.0	1.0	54.0	69.0	27.0	44.0	41.0	27.0	266.0	355.0	337.0	131.0	65.0	93.0	6	1854	23.77	7.0	16.0	1	39	6.0
26.0	64	34	16	1	0.0	1.0	0.0	1.0	108.0	62.0	24.0	30.0	34.0	17.0	300.0	320.0	222.0	120.0	19.0	27.0	5	3398	53.09	4.0	16.0	11	40	0.0
21.0	39	20	13	7	0.0	7.0	0.0	3.0	43.0	44.0	28.0	18.0	19.0	7.0	151.0	136.0	211.0	44.0	10.0	48.0	5	1312	33.64	8.0	138.0	3	40	4.0
22.0	25	13	9	9	2.0	4.0	3.0	1.0	23.0	48.0	15.0	6.0	7.0	4.0	79.0	128.0	190.0	55.0	20.0	45.0	4	668	26.72	6.0	35.0	0	14	3.0
19.0	6	5	0	0	0.0	0.0	0.0	0.0	5.0	40.0	0.0	3.0	2.0	1.0	15.0	10.0	16.0	2.0	2.0	5.0	0	172	28.67	0.0	1.0	0	3	0.0
21.0	2	1	1	0	0.0	0.0	0.0	0.0	3.0	67.0	0.0	0.0	1.0	1.0	10.0	6.0	9.0	1.0	2.0	2.0	0	41	20.5	0.0	1.0	0	2	1.0
19.0	0	0	0	0	0.0	0.0	0.0	0.0	0.0	0.0	0.0	0.0	0.0	0.0	0.0	0.0	0.0	0.0	0.0	0.0	0	0	0.0	0.0	0.0	0	0	0.0
30.0	201	66	95	4	2.0	1.0	1.0	2.0	483.0	80.0	25.0	368.0	796.0	450.0	1013.0	1218.0	812.0	102.0	406.0	246.0	5	6449	32.08	9.0	407.0	28	202	4.0
30.0	191	57	92	20	0.0	4.0	16.0	5.0	350.0	69.0	51.0	326.0	439.0	170.0	1126.0	680.0	566.0	184.0	69.0	88.0	14	6833	35.77	25.0	388.0	19	94	27.0
31.0	263	84	116	12	7.0	3.0	2.0	6.0	447.0	70.0	26.0	443.0	2029.0	929.0	989.0	1442.0	817.0	25.0	823.0	473.0	7	8210	31.22	8.0	51.0	46	167	7.0
33.0	227	74	95	15	9.0	4.0	2.0	6.0	291.0	59.0	29.0	343.0	1536.0	661.0	785.0	1016.0	698.0	46.0	612.0	441.0	11	6399	28.19	11.0	24.0	34	145	10.0
30.0	125	52	43	3	1.0	1.0	1.0	3.0	144.0	72.0	4.0	200.0	697.0	440.0	847.0	534.0	348.0	49.0	298.0	223.0	2	5917	47.34	2.0	6.0	6	39	1.0
34.0	374	166	126	27	9.0	13.0	4.0	5.0	471.0	75.0	63.0	452.0	2849.0	1155.0	1441.0	1946.0	1036.0	70.0	1157.0	562.0	10	12718	34.01	8.0	23.0	38	266	3.0
30.0	153	55	62	0	0.0	0.0	0.0	2.0	335.0	75.0	8.0	153.0	641.0	312.0	509.0	646.0	518.0	32.0	240.0	192.0	5	3820	24.97	2.0	210.0	14	117	1.0
21.0	6	2	3	0	0.0	0.0	0.0	0.0	15.0	53.0	0.0	3.0	5.0	0.0	17.0	19.0	26.0	1.0	0.0	9.0	0	132	22.0	0.0	5.0	1	2	0.0
26.0	0	0	0	0	0.0	0.0	0.0	0.0	0.0	0.0	0.0	0.0	0.0	0.0	0.0	0.0	0.0	0.0	0.0	0.0	0	0	0.0	0.0	0.0	0	0	0.0
22.0	0	0	0	0	0.0	0.0	0.0	0.0	0.0	0.0	0.0	0.0	0.0	0.0	0.0	0.0	0.0	0.0	0.0	0.0	0	0	0.0	0.0	0.0	0	0	0.0
25.0	0	0	0	0	0.0	0.0	0.0	0.0	0.0	0.0	0.0	0.0	0.0	0.0	0.0	0.0	0.0	0.0	0.0	0.0	0	0	0.0	0.0	0.0	0	0	0.0
29.0	121	41	53	27	0.0	27.0	0.0	5.0	264.0	64.0	41.0	227.0	202.0	91.0	736.0	597.0	597.0	56.0	167.0	137.0	4	5573	46.06	8.0	376.0	34	207	2.0
25.0	46	11	24	1	0.0	0.0	1.0	1.0	52.0	56.0	14.0	22.0	20.0	4.0	116.0	111.0	110.0	19.0	6.0	25.0	2	864	18.78	0.0	33.0	4	16	3.0
30.0	197	64	76	13	5.0	7.0	0.0	8.0	446.0	65.0	33.0	310.0	412.0	260.0	1035.0	1311.0	1091.0	125.0	547.0	431.0	10	5799	29.44	3.0	104.0	25	242	16.0
29.0	211	78	91	22	0.0	5.0	17.0	6.0	353.0	71.0	112.0	177.0	82.0	21.0	913.0	1025.0	1045.0	414.0	19.0	76.0	22	4717	22.36	40.0	923.0	14	78	22.0
27.0	148	56	61	11	1.0	3.0	7.0	0.0	278.0	70.0	43.0	177.0	217.0	117.0	585.0	773.0	757.0	173.0	211.0	261.0	8	3156	21.32	10.0	199.0	15	109	3.0
32.0	282	93	126	23	6.0	10.0	7.0	3.0	613.0	72.0	68.0	398.0	312.0	108.0	1448.0	1304.0	1452.0	155.0	314.0	385.0	18	10076	35.73	21.0	137.0	45	370	13.0
29.0	258	87	102	13	0.0	10.0	3.0	4.0	674.0	73.0	65.0	421.0	366.0	124.0	1284.0	1190.0	1014.0	123.0	148.0	167.0	12	10840	42.02	8.0	188.0	48	309	2.0
24.0	29	8	13	0	0.0	0.0	0.0	0.0	25.0	72.0	2.0	29.0	31.0	14.0	70.0	45.0	33.0	11.0	7.0	8.0	0	484	16.69	0.0	8.0	0	6	0.0
22.0	2	2	0	0	0.0	0.0	0.0	0.0	2.0	100.0	0.0	0.0	0.0	0.0	5.0	4.0	8.0	2.0	0.0	1.0	0	14	7.0	0.0	3.0	0	0	0.0
20.0	0	0	0	0	0.0	0.0	0.0	0.0	0.0	0.0	0.0	0.0	0.0	0.0	0.0	0.0	0.0	0.0	0.0	0.0	0	0	0.0	0.0	0.0	0	0	0.0
23.0	65	28	16	0	0.0	0.0	0.0	1.0	113.0	68.0	3.0	81.0	274.0	140.0	285.0	319.0	227.0	27.0	124.0	120.0	4	2429	37.37	7.0	62.0	11	43	3.0
27.0	153	53	64	6	3.0	2.0	1.0	3.0	157.0	68.0	17.0	249.0	978.0	652.0	656.0	899.0	574.0	22.0	685.0	417.0	5	6162	40.27	7.0	11.0	13	82	5.0
27.0	72	28	27	4	0.0	0.0	4.0	5.0	150.0	64.0	29.0	104.0	195.0	100.0	369.0	452.0	314.0	37.0	209.0	102.0	12	2961	41.12	21.0	570.0	11	83	5.0
26.0	44	17	16	3	2.0	1.0	0.0	0.0	54.0	56.0	7.0	41.0	156.0	93.0	181.0	229.0	142.0	6.0	153.0	99.0	1	2052	46.64	2.0	4.0	6	33	3.0
31.0	276	114	79	20	7.0	8.0	6.0	6.0	480.0	79.0	48.0	296.0	542.0	284.0	1272.0	1308.0	1157.0	364.0	195.0	221.0	21	8930	32.36	36.0	742.0	29	194	29.0
18.0	4	1	2	0	0.0	0.0	0.0	0.0	8.0	88.0	0.0	2.0	11.0	7.0	18.0	20.0	21.0	1.0	9.0	15.0	0	223	55.75	0.0	0.0	0	4	0.0
23.0	31	11	15	0	0.0	0.0	0.0	1.0	64.0	78.0	2.0	46.0	107.0	56.0	138.0	142.0	122.0	11.0	62.0	43.0	2	1045	33.71	3.0	67.0	3	28	0.0
19.0	0	0	0	0	0.0	0.0	0.0	0.0	0.0	0.0	0.0	0.0	0.0	0.0	0.0	0.0	0.0	0.0	0.0	0.0	0	0	0.0	0.0	0.0	0	0	0.0
30.0	185	76	73	7	0.0	1.0	6.0	5.0	395.0	71.0	36.0	283.0	213.0	55.0	1011.0	987.0	706.0	259.0	130.0	165.0	8	8857	47.88	7.0	195.0	29	140	1.0
31.0	284	114	110	61	3.0	45.0	13.0	20.0	348.0	67.0	203.0	283.0	163.0	44.0	1015.0	863.0	1223.0	197.0	88.0	246.0	45	7752	27.3	68.0	1363.0	20	193	16.0
27.0	48	18	19	1	0.0	1.0	0.0	0.0	64.0	63.0	6.0	27.0	25.0	16.0	308.0	229.0	338.0	66.0	56.0	45.0	2	2169	45.19	2.0	28.0	13	89	0.0
24.0	2	1	0	0	0.0	0.0	0.0	0.0	4.0	75.0	0.0	1.0	4.0	3.0	8.0	11.0	10.0	2.0	3.0	2.0	0	70	35.0	0.0	0.0	0	2	0.0
22.0	106	46	34	5	1.0	2.0	2.0	2.0	132.0	61.0	25.0	100.0	63.0	33.0	415.0	417.0	486.0	76.0	72.0	118.0	4	2909	27.44	5.0	43.0	22	116	9.0
22.0	8	2	2	0	0.0	0.0	0.0	0.0	6.0	33.0	0.0	2.0	1.0	0.0	9.0	9.0	14.0	1.0	1.0	2.0	0	82	10.25	0.0	0.0	1	4	0.0
29.0	2	2	0	0	0.0	0.0	0.0	0.0	9.0	56.0	0.0	3.0	3.0	1.0	18.0	16.0	13.0	2.0	1.0	2.0	0	140	70.0	0.0	2.0	0	4	0.0
29.0	2	2	0	1	0.0	0.0	1.0	0.0	3.0	33.0	1.0	3.0	0.0	0.0	9.0	12.0	10.0	3.0	1.0	3.0	1	109	54.5	2.0	7.0	0	1	0.0
27.0	131	40	65	17	2.0	12.0	2.0	2.0	235.0	58.0	56.0	143.0	163.0	66.0	1019.0	576.0	658.0	129.0	154.0	168.0	11	6811	51.99	15.0	71.0	31	145	10.0
28.0	46	14	17	0	0.0	0.0	0.0	1.0	93.0	76.0	7.0	34.0	56.0	26.0	154.0	186.0	165.0	53.0	21.0	16.0	0	1339	29.11	2.0	18.0	11	42	0.0
28.0	2	0	2	0	0.0	0.0	0.0	0.0	3.0	67.0	1.0	0.0	4.0	2.0	13.0	10.0	7.0	2.0	3.0	1.0	0	127	63.5	0.0	0.0	1	3	0.0
32.0	33	7	21	0	0.0	0.0	0.0	0.0	49.0	71.0	1.0	45.0	147.0	61.0	200.0	156.0	120.0	16.0	57.0	55.0	1	1434	43.45	1.0	16.0	4	39	1.0
32.0	40	9	24	0	0.0	0.0	0.0	0.0	42.0	57.0	0.0	65.0	197.0	67.0	178.0	126.0	114.0	7.0	66.0	67.0	1	1517	37.92	1.0	3.0	2	16	0.0
30.0	26	7	17	0	0.0	0.0	0.0	0.0	56.0	64.0	3.0	54.0	122.0	48.0	164.0	129.0	106.0	10.0	56.0	45.0	1	1386	53.31	1.0	17.0	5	28	3.0
27.0	30	6	21	0	0.0	0.0	0.0	0.0	66.0	67.0	7.0	37.0	74.0	35.0	135.0	147.0	115.0	18.0	32.0	37.0	1	1036	34.53	8.0	121.0	5	27	2.0
23.0	0	0	0	0	0.0	0.0	0.0	0.0	0.0	0.0	0.0	0.0	0.0	0.0	0.0	0.0	0.0	0.0	0.0	0.0	0	0	0.0	0.0	0.0	0	0	0.0
24.0	1	0	1	0	0.0	0.0	0.0	0.0	3.0	67.0	0.0	4.0	3.0	2.0	4.0	6.0	5.0	0.0	3.0	0.0	1	27	27.0	1.0	6.0	1	3	0.0
23.0	3	3	0	0	0.0	0.0	0.0	0.0	0.0	0.0	0.0	0.0	1.0	0.0	2.0	1.0	0.0	0.0	0.0	0.0	0	16	5.33	0.0	0.0	0	0	0.0
29.0	32	6	21	1	0.0	1.0	0.0	1.0	41.0	68.0	7.0	32.0	14.0	6.0	158.0	93.0	112.0	16.0	14.0	20.0	2	1592	49.75	7.0	108.0	6	32	1.0
31.0	41	3	29	1	0.0	1.0	0.0	1.0	60.0	70.0	7.0	43.0	37.0	11.0	131.0	117.0	116.0	10.0	28.0	13.0	1	1285	31.34	0.0	19.0	9	33	2.0
28.0	9	0	9	0	0.0	0.0	0.0	1.0	3.0	33.0	1.0	0.0	3.0	2.0	13.0	16.0	14.0	7.0	4.0	5.0	0	57	6.33	0.0	7.0	0	3	1.0
29.0	12	1	9	0	0.0	0.0	0.0	0.0	10.0	30.0	0.0	3.0	5.0	3.0	35.0	17.0	18.0	2.0	3.0	6.0	0	250	20.83	0.0	9.0	4	6	0.0
29.0	43	7	28	2	0.0	0.0	2.0	2.0	57.0	63.0	11.0	32.0	22.0	5.0	219.0	187.0	146.0	54.0	21.0	23.0	1	1882	43.77	4.0	57.0	2	22	0.0
23.0	15	8	4	0	0.0	0.0	0.0	0.0	10.0	90.0	1.0	1.0	2.0	0.0	8.0	17.0	17.0	3.0	3.0	2.0	0	109	7.27	0.0	5.0	0	4	1.0
24.0	24	4	18	0	0.0	0.0	0.0	0.0	54.0	59.0	10.0	37.0	30.0	15.0	135.0	148.0	151.0	52.0	24.0	32.0	1	1113	46.38	1.0	3.0	1	26	2.0
27.0	47	8	22	2	0.0	2.0	0.0	2.0	105.0	69.0	12.0	80.0	63.0	35.0	260.0	278.0	207.0	78.0	55.0	30.0	2	1787	38.02	3.0	19.0	7	60	3.0
25.0	19	9	5	0	0.0	0.0	0.0	0.0	36.0	83.0	1.0	26.0	14.0	3.0	45.0	60.0	64.0	2.0	7.0	21.0	0	419	22.05	0.0	4.0	0	8	0.0
20.0	0	0	0	0	0.0	0.0	0.0	0.0	0.0	0.0	0.0	0.0	0.0	0.0	0.0	0.0	0.0	0.0	0.0	0.0	0	0	0.0	0.0	0.0	0	0	0.0
29.0	2	1	1	0	0.0	0.0	0.0	0.0	10.0	60.0	0.0	0.0	4.0	2.0	9.0	17.0	10.0	5.0	1.0	2.0	0	108	54.0	0.0	3.0	0	1	0.0
31.0	0	0	0	0	0.0	0.0	0.0	0.0	0.0	0.0	0.0	0.0	0.0	0.0	0.0	0.0	0.0	0.0	0.0	0.0	0	0	0.0	0.0	0.0	0	0	0.0
29.0	3	1	2	0	0.0	0.0	0.0	0.0	3.0	100.0	0.0	6.0	23.0	4.0	9.0	14.0	6.0	2.0	7.0	5.0	0	70	23.33	0.0	0.0	0	1	0.0
21.0	1	0	1	0	0.0	0.0	0.0	0.0	4.0	25.0	0.0	3.0	11.0	4.0	4.0	5.0	0.0	0.0	1.0	0.0	0	59	59.0	0.0	0.0	0	0	0.0
20.0	0	0	0	0	0.0	0.0	0.0	0.0	0.0	0.0	0.0	0.0	0.0	0.0	0.0	0.0	0.0	0.0	0.0	0.0	0	0	0.0	0.0	0.0	0	0	0.0
24.0	2	1	1	0	0.0	0.0	0.0	0.0	5.0	80.0	1.0	2.0	5.0	3.0	10.0	17.0	12.0	0.0	10.0	9.0	0	107	53.5	0.0	0.0	0	3	0.0
19.0	0	0	0	0	0.0	0.0	0.0	0.0	0.0	0.0	0.0	0.0	0.0	0.0	0.0	0.0	0.0	0.0	0.0	0.0	0	0	0.0	0.0	0.0	0	0	0.0
17.0	0	0	0	0	0.0	0.0	0.0	0.0	0.0	0.0	0.0	0.0	0.0	0.0	0.0	0.0	0.0	0.0	0.0	0.0	0	0	0.0	0.0	0.0	0	0	0.0
20.0	0	0	0	0	0.0	0.0	0.0	0.0	0.0	0.0	0.0	0.0	0.0	0.0	0.0	0.0	0.0	0.0	0.0	0.0	0	0	0.0	0.0	0.0	0	0	0.0
28.0	35	6	16	0	0.0	0.0	0.0	0.0	62.0	69.0	9.0	36.0	23.0	10.0	176.0	133.0	169.0	22.0	17.0	41.0	1	1355	38.71	3.0	51.0	4	33	1.0
25.519280205655527	1	1	0	0	0.0	0.0	0.0	0.0	1.0	100.0	0.0	1.0	0.0	0.0	2.0	2.0	4.0	0.0	0.0	1.0	0	11	11.0	0.0	1.0	0	1	0.0
29.0	2	1	1	0	0.0	0.0	0.0	0.0	12.0	67.0	0.0	4.0	7.0	2.0	18.0	19.0	5.0	2.0	1.0	0.0	0	101	50.5	0.0	1.0	0	0	0.0
35.0	58	15	26	5	0.0	4.0	1.0	1.0	56.0	68.0	23.0	54.0	26.0	7.0	203.0	159.0	254.0	54.0	6.0	33.0	13	2341	40.36	12.0	183.0	5	29	10.0
24.0	2	1	1	0	0.0	0.0	0.0	0.0	8.0	63.0	0.0	4.0	6.0	0.0	15.0	12.0	7.0	0.0	2.0	2.0	1	92	46.0	0.0	10.0	0	0	0.0
30.0	2	1	1	2	0.0	2.0	0.0	0.0	6.0	83.0	0.0	4.0	2.0	1.0	16.0	11.0	18.0	1.0	3.0	2.0	1	92	46.0	0.0	3.0	1	5	1.0
20.0	1	0	1	0	0.0	0.0	0.0	0.0	1.0	100.0	0.0	0.0	0.0	0.0	1.0	2.0	0.0	1.0	0.0	0.0	0	3	3.0	0.0	0.0	0	0	0.0
23.0	2	1	1	1	0.0	1.0	0.0	0.0	3.0	67.0	1.0	2.0	0.0	0.0	7.0	11.0	15.0	3.0	2.0	2.0	0	47	23.5	0.0	4.0	0	1	3.0
20.0	0	0	0	0	0.0	0.0	0.0	0.0	0.0	0.0	0.0	0.0	0.0	0.0	0.0	0.0	0.0	0.0	0.0	0.0	0	0	0.0	0.0	0.0	0	0	0.0
19.0	0	0	0	0	0.0	0.0	0.0	0.0	0.0	0.0	0.0	0.0	0.0	0.0	0.0	0.0	0.0	0.0	0.0	0.0	0	0	0.0	0.0	0.0	0	0	0.0
22.0	15	8	4	1	0.0	1.0	0.0	1.0	39.0	49.0	2.0	15.0	28.0	17.0	75.0	96.0	90.0	8.0	24.0	42.0	1	792	52.8	1.0	46.0	2	11	1.0
24.0	42	20	11	1	1.0	0.0	0.0	0.0	69.0	65.0	2.0	52.0	180.0	88.0	222.0	237.0	140.0	19.0	130.0	73.0	1	2696	64.19	1.0	6.0	5	39	1.0
36.0	168	70	60	8	5.0	1.0	2.0	0.0	200.0	67.0	22.0	313.0	879.0	526.0	585.0	797.0	493.0	44.0	503.0	310.0	2	4435	26.4	1.0	6.0	12	129	5.0
32.0	297	145	86	11	7.0	4.0	0.0	2.0	457.0	72.0	22.0	585.0	1843.0	777.0	1587.0	1417.0	825.0	86.0	641.0	399.0	9	13240	44.58	5.0	59.0	44	239	3.0
23.0	0	0	0	0	0.0	0.0	0.0	0.0	0.0	0.0	0.0	0.0	0.0	0.0	0.0	0.0	0.0	0.0	0.0	0.0	0	0	0.0	0.0	0.0	0	0	0.0
25.0	46	17	19	1	1.0	0.0	0.0	0.0	68.0	62.0	3.0	50.0	76.0	44.0	248.0	153.0	156.0	9.0	59.0	51.0	1	1469	31.93	0.0	6.0	5	41	1.0
26.0	63	29	24	5	0.0	3.0	2.0	1.0	237.0	57.0	13.0	109.0	180.0	93.0	387.0	557.0	459.0	128.0	108.0	123.0	8	3104	49.27	15.0	164.0	8	86	2.0
34.0	107	48	32	2	0.0	1.0	1.0	1.0	255.0	77.0	16.0	248.0	365.0	197.0	615.0	513.0	423.0	32.0	201.0	153.0	9	4051	37.86	11.0	325.0	15	79	2.0
19.0	3	1	2	0	0.0	0.0	0.0	0.0	1.0	1.0	0.0	3.0	7.0	6.0	12.0	12.0	15.0	3.0	5.0	8.0	1	153	51.0	0.0	16.0	0	1	0.0
24.0	2	2	0	1	1.0	0.0	0.0	0.0	4.0	25.0	0.0	3.0	3.0	1.0	8.0	11.0	6.0	1.0	6.0	5.0	1	128	64.0	0.0	6.0	0	1	0.0
24.0	132	53	50	10	0.0	8.0	1.0	2.0	76.0	64.0	45.0	39.0	39.0	9.0	312.0	311.0	401.0	138.0	24.0	102.0	9	1920	14.55	13.0	263.0	7	36	12.0
23.0	52	25	17	6	1.0	3.0	2.0	1.0	71.0	55.0	28.0	32.0	23.0	10.0	279.0	218.0	216.0	44.0	39.0	44.0	10	2594	49.88	14.0	114.0	4	43	1.0
23.0	69	31	25	13	0.0	11.0	2.0	2.0	107.0	58.0	54.0	21.0	10.0	4.0	291.0	394.0	328.0	101.0	18.0	58.0	10	2913	42.22	21.0	429.0	7	62	6.0
30.0	258	91	94	17	2.0	13.0	2.0	5.0	425.0	75.0	75.0	261.0	169.0	45.0	1232.0	962.0	1124.0	284.0	69.0	184.0	37	5597	21.69	60.0	1593.0	32	167	17.0
22.0	57	26	21	8	0.0	7.0	1.0	0.0	28.0	68.0	32.0	11.0	9.0	5.0	138.0	180.0	192.0	78.0	37.0	51.0	11	1083	19.0	9.0	67.0	0	30	6.0
22.0	37	16	13	1	0.0	1.0	0.0	0.0	50.0	46.0	6.0	47.0	28.0	10.0	106.0	86.0	96.0	5.0	17.0	17.0	2	900	24.32	2.0	8.0	3	24	0.0
29.0	42	12	21	0	0.0	0.0	0.0	1.0	61.0	77.0	14.0	67.0	62.0	31.0	197.0	172.0	146.0	25.0	62.0	48.0	1	1260	30.0	3.0	110.0	4	34	0.0
31.0	14	4	7	0	0.0	0.0	0.0	0.0	24.0	63.0	5.0	15.0	1.0	1.0	63.0	52.0	75.0	7.0	11.0	21.0	1	512	36.57	1.0	4.0	3	9	0.0
23.0	122	52	44	6	1.0	4.0	1.0	5.0	482.0	62.0	42.0	253.0	297.0	145.0	1022.0	1066.0	866.0	103.0	398.0	331.0	5	6181	50.66	3.0	27.0	20	189	5.0
26.0	29	13	11	2	0.0	2.0	0.0	1.0	37.0	49.0	10.0	20.0	12.0	5.0	85.0	72.0	89.0	15.0	7.0	16.0	3	604	20.83	4.0	25.0	2	20	1.0
28.0	44	20	16	0	0.0	0.0	0.0	0.0	45.0	58.0	1.0	37.0	30.0	7.0	198.0	141.0	113.0	21.0	17.0	24.0	0	1559	35.43	0.0	6.0	7	34	0.0
23.0	0	0	0	0	0.0	0.0	0.0	0.0	0.0	0.0	0.0	0.0	0.0	0.0	0.0	0.0	0.0	0.0	0.0	0.0	0	0	0.0	0.0	0.0	0	0	0.0
24.0	15	3	7	0	0.0	0.0	0.0	0.0	11.0	55.0	0.0	8.0	7.0	5.0	35.0	57.0	53.0	16.0	15.0	13.0	1	241	16.07	0.0	12.0	1	1	2.0
29.0	159	98	30	14	11.0	0.0	3.0	12.0	184.0	70.0	27.0	278.0	924.0	528.0	837.0	1083.0	397.0	41.0	776.0	269.0	3	10554	66.38	13.0	3.0	8	88	4.0
23.0	73	52	6	0	0.0	0.0	0.0	0.0	111.0	74.0	4.0	100.0	166.0	78.0	406.0	322.0	245.0	39.0	140.0	109.0	3	4387	60.1	2.0	68.0	15	58	1.0
26.0	153	86	36	4	2.0	0.0	2.0	3.0	270.0	63.0	19.0	191.0	282.0	114.0	880.0	522.0	466.0	109.0	92.0	97.0	33	8312	54.33	40.0	655.0	20	80	11.0
29.0	86	58	7	4	3.0	1.0	0.0	4.0	134.0	70.0	10.0	125.0	362.0	205.0	419.0	428.0	201.0	21.0	233.0	94.0	0	5249	61.03	2.0	6.0	9	52	1.0
21.0	95	74	8	6	0.0	6.0	0.0	3.0	158.0	64.0	27.0	114.0	184.0	64.0	546.0	264.0	319.0	57.0	31.0	73.0	26	5323	56.03	32.0	708.0	11	50	10.0
19.0	6	4	1	0	0.0	0.0	0.0	0.0	5.0	60.0	5.0	9.0	3.0	1.0	16.0	19.0	15.0	6.0	6.0	3.0	0	167	27.83	0.0	14.0	1	5	0.0
24.0	0	0	0	0	0.0	0.0	0.0	0.0	0.0	0.0	0.0	0.0	0.0	0.0	0.0	0.0	0.0	0.0	0.0	0.0	0	0	0.0	0.0	0.0	0	0	0.0
23.0	0	0	0	0	0.0	0.0	0.0	0.0	0.0	0.0	0.0	0.0	0.0	0.0	0.0	0.0	0.0	0.0	0.0	0.0	0	0	0.0	0.0	0.0	0	0	0.0
18.0	0	0	0	0	0.0	0.0	0.0	0.0	0.0	0.0	0.0	0.0	0.0	0.0	0.0	0.0	0.0	0.0	0.0	0.0	0	0	0.0	0.0	0.0	0	0	0.0
26.0	58	46	4	3	1.0	2.0	0.0	0.0	126.0	55.0	11.0	67.0	43.0	17.0	292.0	293.0	242.0	19.0	99.0	69.0	5	3291	56.74	4.0	19.0	12	63	0.0
29.0	181	111	32	25	8.0	16.0	1.0	2.0	200.0	68.0	55.0	117.0	124.0	68.0	989.0	696.0	725.0	194.0	142.0	197.0	16	7603	42.01	15.0	67.0	7	84	15.0
34.0	539	272	133	55	1.0	38.0	8.0	7.0	803.0	77.0	174.0	437.0	423.0	126.0	1751.0	1843.0	2223.0	310.0	337.0	514.0	84	16171	30.0	46.0	2247.0	65	438	45.0
25.0	45	36	2	4	1.0	3.0	0.0	1.0	69.0	42.0	11.0	25.0	17.0	6.0	202.0	164.0	174.0	50.0	20.0	31.0	4	1760	39.11	6.0	12.0	1	35	1.0
30.0	342	185	79	30	1.0	22.0	7.0	9.0	673.0	71.0	98.0	437.0	336.0	130.0	1878.0	1182.0	1223.0	135.0	243.0	241.0	46	17932	52.43	49.0	792.0	34	299	29.0
27.0	196	114	41	16	0.0	14.0	2.0	8.0	188.0	74.0	87.0	133.0	75.0	25.0	566.0	707.0	704.0	344.0	76.0	131.0	22	4570	23.32	27.0	421.0	10	104	13.0
24.0	8	4	3	0	0.0	0.0	0.0	0.0	3.0	67.0	0.0	0.0	0.0	0.0	3.0	12.0	7.0	2.0	5.0	3.0	0	47	5.88	0.0	0.0	1	2	0.0
19.0	7	6	0	1	0.0	1.0	0.0	0.0	4.0	100.0	1.0	2.0	0.0	0.0	17.0	9.0	18.0	3.0	2.0	5.0	0	143	20.43	0.0	0.0	0	4	0.0
23.0	31	7	19	7	0.0	0.0	7.0	1.0	23.0	57.0	25.0	11.0	11.0	5.0	85.0	87.0	92.0	17.0	6.0	22.0	0	575	18.55	4.0	35.0	2	12	1.0
17.0	4	2	2	0	0.0	0.0	0.0	0.0	0.0	0.0	0.0	0.0	0.0	0.0	4.0	1.0	1.0	1.0	0.0	0.0	0	22	5.5	0.0	3.0	0	0	0.0
28.0	115	49	37	22	1.0	3.0	18.0	4.0	70.0	54.0	50.0	43.0	15.0	8.0	446.0	330.0	467.0	121.0	16.0	48.0	18	3039	26.43	32.0	555.0	12	79	30.0
29.0	1	1	0	0	0.0	0.0	0.0	0.0	1.0	1.0	0.0	1.0	0.0	0.0	3.0	2.0	7.0	0.0	1.0	1.0	0	82	82.0	0.0	1.0	0	3	0.0
20.0	6	5	1	0	0.0	0.0	0.0	0.0	4.0	75.0	2.0	0.0	0.0	0.0	6.0	7.0	12.0	1.0	1.0	3.0	0	40	6.67	0.0	5.0	0	2	0.0
25.0	147	52	67	12	6.0	1.0	5.0	4.0	255.0	63.0	20.0	206.0	757.0	413.0	634.0	661.0	443.0	29.0	314.0	273.0	6	5634	38.33	9.0	61.0	15	97	7.0
30.0	293	183	50	7	0.0	6.0	1.0	3.0	600.0	76.0	55.0	498.0	820.0	355.0	1592.0	1510.0	1104.0	239.0	446.0	292.0	29	15694	53.56	25.0	748.0	45	239	22.0
26.0	163	90	39	1	1.0	0.0	0.0	1.0	180.0	74.0	7.0	191.0	601.0	338.0	717.0	664.0	316.0	96.0	330.0	172.0	0	8950	54.91	5.0	18.0	7	45	3.0
23.0	41	34	6	0	0.0	0.0	0.0	0.0	88.0	63.0	11.0	43.0	42.0	27.0	188.0	173.0	161.0	11.0	66.0	58.0	3	3066	74.78	5.0	101.0	2	35	4.0
26.0	59	50	6	4	4.0	0.0	0.0	0.0	63.0	52.0	7.0	70.0	147.0	88.0	342.0	226.0	144.0	8.0	127.0	79.0	3	4957	84.02	1.0	8.0	5	40	2.0
26.0	37	29	3	0	0.0	0.0	0.0	1.0	40.0	75.0	11.0	35.0	43.0	27.0	175.0	104.0	164.0	32.0	28.0	47.0	8	1999	54.03	7.0	176.0	7	32	1.0
26.0	17	12	4	0	0.0	0.0	0.0	0.0	40.0	60.0	3.0	21.0	16.0	12.0	99.0	104.0	79.0	37.0	19.0	22.0	0	1010	59.41	6.0	47.0	4	17	0.0
32.0	136	94	22	8	5.0	3.0	0.0	2.0	269.0	68.0	21.0	286.0	649.0	388.0	707.0	766.0	476.0	32.0	388.0	246.0	1	9366	68.87	3.0	7.0	31	118	1.0
19.0	13	11	2	0	0.0	0.0	0.0	0.0	6.0	17.0	0.0	18.0	31.0	14.0	38.0	25.0	34.0	6.0	11.0	20.0	0	728	56.0	0.0	1.0	1	9	0.0
23.0	6	0	6	0	0.0	0.0	0.0	0.0	1.0	100.0	0.0	0.0	0.0	0.0	2.0	10.0	3.0	6.0	0.0	0.0	0	30	5.0	0.0	0.0	1	2	0.0
29.0	102	75	17	15	2.0	10.0	3.0	3.0	83.0	60.0	47.0	84.0	45.0	19.0	462.0	262.0	273.0	74.0	43.0	56.0	6	5854	57.39	12.0	143.0	13	45	2.0
24.0	36	25	8	3	1.0	2.0	0.0	0.0	53.0	58.0	4.0	27.0	32.0	19.0	235.0	177.0	147.0	33.0	59.0	31.0	2	2673	74.25	3.0	8.0	9	45	0.0
29.0	156	109	22	37	0.0	28.0	9.0	20.0	214.0	68.0	97.0	88.0	59.0	30.0	758.0	633.0	768.0	221.0	64.0	103.0	67	8407	53.89	97.0	1109.0	14	122	16.0
26.0	105	81	15	19	2.0	1.0	16.0	3.0	115.0	65.0	50.0	59.0	46.0	14.0	366.0	334.0	378.0	118.0	30.0	65.0	18	4015	38.24	21.0	192.0	8	63	4.0
35.0	225	156	36	18	2.0	14.0	2.0	3.0	549.0	70.0	50.0	353.0	415.0	267.0	1300.0	1338.0	1193.0	184.0	427.0	339.0	16	14806	65.8	24.0	69.0	46	324	4.0
20.0	42	38	3	7	1.0	1.0	5.0	1.0	25.0	76.0	11.0	10.0	4.0	1.0	52.0	99.0	96.0	40.0	13.0	29.0	3	819	19.5	3.0	38.0	0	17	1.0
18.0	1	1	0	0	0.0	0.0	0.0	0.0	0.0	0.0	0.0	0.0	0.0	0.0	1.0	1.0	1.0	0.0	0.0	0.0	0	20	20.0	0.0	0.0	0	0	0.0
19.0	0	0	0	0	0.0	0.0	0.0	0.0	0.0	0.0	0.0	0.0	0.0	0.0	0.0	0.0	0.0	0.0	0.0	0.0	0	0	0.0	0.0	0.0	0	0	0.0
26.0	83	41	19	2	1.0	0.0	1.0	0.0	86.0	62.0	5.0	63.0	311.0	161.0	461.0	319.0	191.0	16.0	188.0	117.0	1	4419	53.24	5.0	4.0	8	53	0.0
26.0	54	35	7	1	0.0	1.0	0.0	1.0	92.0	67.0	3.0	102.0	226.0	88.0	281.0	229.0	123.0	23.0	75.0	42.0	0	1682	31.15	0.0	2.0	6	45	0.0
28.0	200	104	44	2	1.0	1.0	0.0	3.0	394.0	73.0	19.0	404.0	1073.0	560.0	872.0	1051.0	608.0	75.0	407.0	237.0	6	7835	39.18	11.0	137.0	27	155	3.0
27.0	140	50	58	8	4.0	4.0	0.0	4.0	191.0	69.0	23.0	233.0	639.0	396.0	871.0	895.0	433.0	107.0	494.0	202.0	7	7325	52.32	9.0	34.0	26	117	17.0
30.0	219	122	56	12	8.0	2.0	2.0	2.0	283.0	68.0	32.0	360.0	1287.0	670.0	897.0	1082.0	629.0	59.0	645.0	324.0	2	8092	36.95	3.0	63.0	18	192	14.0
30.0	76	45	10	1	0.0	0.0	1.0	0.0	140.0	71.0	14.0	130.0	383.0	213.0	358.0	351.0	264.0	26.0	154.0	113.0	1	3503	46.09	1.0	83.0	23	81	2.0
21.0	20	9	7	0	0.0	0.0	0.0	0.0	27.0	52.0	5.0	12.0	31.0	13.0	58.0	65.0	37.0	11.0	25.0	6.0	2	474	23.7	5.0	53.0	3	13	2.0
25.0	157	68	39	1	0.0	0.0	1.0	2.0	275.0	73.0	31.0	167.0	464.0	228.0	681.0	821.0	630.0	163.0	261.0	198.0	7	6663	42.44	14.0	425.0	29	138	7.0
22.0	49	17	23	0	0.0	0.0	0.0	0.0	80.0	69.0	5.0	65.0	110.0	49.0	175.0	151.0	135.0	24.0	31.0	46.0	1	1316	26.86	2.0	40.0	8	36	2.0
22.0	77	32	26	0	0.0	0.0	0.0	0.0	287.0	66.0	7.0	165.0	221.0	100.0	423.0	529.0	300.0	128.0	76.0	75.0	7	3019	39.21	8.0	179.0	13	46	3.0
22.0	10	4	3	0	0.0	0.0	0.0	0.0	11.0	64.0	1.0	12.0	12.0	9.0	28.0	24.0	37.0	1.0	5.0	17.0	0	279	27.9	0.0	1.0	0	9	0.0
20.0	17	8	3	1	0.0	1.0	0.0	0.0	21.0	71.0	1.0	16.0	14.0	10.0	68.0	62.0	53.0	16.0	10.0	9.0	0	551	32.41	0.0	12.0	6	13	1.0
18.0	0	0	0	0	0.0	0.0	0.0	0.0	0.0	0.0	0.0	0.0	0.0	0.0	0.0	0.0	0.0	0.0	0.0	0.0	0	0	0.0	0.0	0.0	0	0	0.0
27.0	112	63	18	25	4.0	19.0	2.0	11.0	157.0	67.0	81.0	83.0	116.0	77.0	718.0	824.0	753.0	239.0	224.0	159.0	26	7139	63.74	21.0	105.0	19	190	13.0
32.0	262	136	61	51	2.0	7.0	42.0	11.0	196.0	71.0	99.0	132.0	63.0	5.0	1084.0	616.0	890.0	173.0	22.0	68.0	52	11379	43.43	68.0	1099.0	19	134	102.0
27.0	133	68	31	18	2.0	15.0	1.0	6.0	130.0	68.0	53.0	52.0	34.0	4.0	336.0	358.0	526.0	96.0	19.0	100.0	10	3536	26.59	18.0	121.0	15	140	20.0
24.0	45	21	13	2	0.0	1.0	1.0	0.0	34.0	62.0	14.0	20.0	12.0	4.0	140.0	101.0	213.0	32.0	13.0	49.0	4	1111	24.69	8.0	88.0	10	42	4.0
27.0	46	22	14	1	0.0	1.0	0.0	3.0	89.0	55.0	13.0	54.0	35.0	9.0	339.0	205.0	250.0	50.0	12.0	32.0	1	2437	52.98	4.0	76.0	10	67	2.0
26.0	15	9	1	8	0.0	8.0	0.0	3.0	24.0	54.0	9.0	11.0	14.0	9.0	75.0	57.0	76.0	15.0	3.0	11.0	7	871	58.07	3.0	87.0	2	10	2.0
22.0	34	15	9	3	0.0	3.0	0.0	0.0	22.0	50.0	11.0	7.0	6.0	1.0	94.0	111.0	141.0	27.0	8.0	26.0	6	722	21.24	6.0	100.0	4	14	2.0
32.0	208	127	36	6	0.0	2.0	4.0	3.0	491.0	69.0	46.0	337.0	406.0	255.0	1583.0	1196.0	1009.0	235.0	343.0	239.0	19	12463	59.92	11.0	92.0	36	234	14.0
23.0	59	33	13	6	0.0	4.0	2.0	0.0	69.0	64.0	17.0	62.0	62.0	39.0	259.0	288.0	224.0	38.0	94.0	69.0	1	1926	32.64	2.0	22.0	6	59	1.0
23.0	1	0	1	1	0.0	1.0	0.0	0.0	1.0	1.0	0.0	0.0	0.0	0.0	1.0	1.0	3.0	0.0	0.0	1.0	0	22	22.0	0.0	0.0	0	0	0.0
30.0	179	45	85	14	11.0	0.0	3.0	3.0	306.0	74.0	18.0	304.0	1256.0	580.0	683.0	872.0	605.0	48.0	420.0	305.0	5	5675	31.7	10.0	41.0	47	171	2.0
28.0	128	42	56	2	0.0	0.0	2.0	1.0	216.0	75.0	10.0	177.0	606.0	348.0	387.0	590.0	345.0	21.0	305.0	199.0	0	3814	29.8	4.0	202.0	12	58	1.0
28.0	46	17	21	6	1.0	3.0	2.0	0.0	99.0	61.0	7.0	114.0	209.0	106.0	225.0	268.0	229.0	30.0	99.0	99.0	1	1755	38.15	1.0	29.0	17	57	3.0
26.0	109	34	48	6	6.0	0.0	0.0	0.0	90.0	54.0	3.0	123.0	645.0	364.0	546.0	489.0	275.0	15.0	343.0	171.0	1	3699	33.94	2.0	5.0	16	69	3.0
26.0	17	5	8	0	0.0	0.0	0.0	0.0	18.0	67.0	1.0	8.0	40.0	22.0	43.0	36.0	28.0	4.0	8.0	9.0	1	329	19.35	1.0	20.0	0	4	0.0
31.0	170	55	72	4	2.0	1.0	0.0	2.0	254.0	73.0	13.0	305.0	1070.0	633.0	756.0	777.0	578.0	24.0	399.0	295.0	7	7218	42.46	5.0	48.0	25	135	8.0
26.0	92	25	45	1	0.0	1.0	0.0	0.0	171.0	67.0	2.0	100.0	221.0	95.0	310.0	359.0	299.0	47.0	88.0	85.0	5	2235	24.29	4.0	168.0	15	72	11.0
27.0	103	29	48	2	1.0	1.0	0.0	0.0	169.0	64.0	5.0	107.0	269.0	110.0	385.0	398.0	390.0	60.0	109.0	134.0	5	2500	24.27	6.0	219.0	16	102	15.0
22.0	30	4	24	1	0.0	0.0	1.0	0.0	53.0	70.0	2.0	27.0	57.0	20.0	150.0	122.0	107.0	34.0	9.0	24.0	0	1101	36.7	1.0	48.0	5	16	2.0
25.0	34	6	22	1	0.0	1.0	0.0	0.0	19.0	63.0	7.0	7.0	15.0	3.0	97.0	76.0	120.0	37.0	11.0	27.0	2	325	9.56	4.0	56.0	0	12	1.0
28.0	215	77	86	20	1.0	16.0	3.0	12.0	261.0	71.0	105.0	198.0	175.0	61.0	1111.0	573.0	609.0	135.0	109.0	101.0	23	8878	41.29	30.0	610.0	33	178	12.0
31.0	128	38	58	11	1.0	1.0	9.0	5.0	193.0	68.0	76.0	150.0	173.0	80.0	637.0	507.0	649.0	58.0	113.0	211.0	20	4121	32.2	27.0	753.0	24	159	8.0
25.0	82	31	31	3	1.0	2.0	0.0	0.0	171.0	56.0	20.0	104.0	102.0	49.0	316.0	424.0	372.0	45.0	161.0	122.0	6	2149	26.21	9.0	66.0	15	92	2.0
26.0	48	17	18	4	0.0	2.0	2.0	2.0	81.0	63.0	25.0	39.0	20.0	8.0	256.0	222.0	205.0	53.0	11.0	37.0	3	1098	22.88	4.0	65.0	5	37	28.0
28.0	80	25	32	3	0.0	0.0	3.0	0.0	52.0	77.0	17.0	26.0	41.0	17.0	245.0	217.0	380.0	73.0	32.0	142.0	6	1096	13.7	12.0	117.0	5	34	14.0
22.0	33	12	15	2	0.0	1.0	1.0	1.0	52.0	62.0	10.0	29.0	28.0	8.0	119.0	123.0	134.0	12.0	26.0	33.0	1	925	28.03	3.0	36.0	4	24	0.0
20.0	9	2	4	2	0.0	2.0	0.0	1.0	3.0	33.0	1.0	5.0	3.0	1.0	38.0	17.0	29.0	3.0	6.0	5.0	0	255	28.33	1.0	2.0	1	6	0.0
28.0	124	41	55	10	1.0	8.0	1.0	0.0	91.0	55.0	38.0	80.0	93.0	45.0	510.0	349.0	520.0	84.0	94.0	147.0	6	3063	24.7	7.0	95.0	19	97	34.0
26.0	121	34	59	16	0.0	13.0	3.0	1.0	57.0	65.0	38.0	67.0	80.0	34.0	413.0	364.0	360.0	66.0	31.0	97.0	26	3469	28.67	41.0	711.0	7	40	14.0
29.0	5	3	2	1	0.0	1.0	0.0	0.0	18.0	67.0	0.0	9.0	10.0	3.0	24.0	23.0	20.0	1.0	3.0	7.0	0	106	21.2	0.0	2.0	0	1	0.0
23.0	0	0	0	0	0.0	0.0	0.0	0.0	0.0	0.0	0.0	0.0	0.0	0.0	0.0	0.0	0.0	0.0	0.0	0.0	0	0	0.0	0.0	0.0	0	0	0.0
27.0	40	14	14	2	0.0	2.0	0.0	0.0	64.0	69.0	4.0	36.0	70.0	36.0	177.0	192.0	182.0	42.0	41.0	60.0	3	1178	29.45	3.0	136.0	7	52	11.0
30.0	47	16	17	2	1.0	0.0	1.0	0.0	98.0	57.0	7.0	48.0	96.0	35.0	253.0	228.0	219.0	67.0	39.0	38.0	4	1670	35.53	9.0	135.0	8	46	2.0
26.0	35	13	11	0	0.0	0.0	0.0	0.0	26.0	58.0	3.0	44.0	151.0	80.0	192.0	190.0	124.0	9.0	140.0	76.0	1	1634	46.69	6.0	52.0	4	22	3.0
32.0	61	20	24	1	0.0	1.0	0.0	0.0	126.0	62.0	0.0	93.0	215.0	117.0	246.0	324.0	191.0	30.0	129.0	77.0	3	1656	27.15	2.0	65.0	5	39	5.0
27.0	38	14	13	2	1.0	1.0	0.0	0.0	46.0	61.0	14.0	58.0	168.0	79.0	181.0	204.0	133.0	1.0	138.0	80.0	0	1340	35.26	1.0	3.0	4	37	1.0
27.0	9	2	3	0	0.0	0.0	0.0	0.0	14.0	43.0	0.0	10.0	28.0	7.0	37.0	35.0	21.0	3.0	14.0	10.0	0	291	32.33	0.0	7.0	1	5	1.0
23.0	0	0	0	0	0.0	0.0	0.0	0.0	0.0	0.0	0.0	0.0	0.0	0.0	0.0	0.0	0.0	0.0	0.0	0.0	0	0	0.0	0.0	0.0	0	0	0.0
38.0	366	147	111	18	10.0	8.0	0.0	7.0	703.0	76.0	39.0	618.0	2974.0	1075.0	1626.0	1842.0	928.0	35.0	783.0	495.0	9	14775	40.37	8.0	131.0	23	159	3.0
23.0	0	0	0	0	0.0	0.0	0.0	0.0	0.0	0.0	0.0	0.0	0.0	0.0	0.0	0.0	0.0	0.0	0.0	0.0	0	0	0.0	0.0	0.0	0	0	0.0
20.0	2	1	1	0	0.0	0.0	0.0	0.0	2.0	100.0	0.0	0.0	9.0	6.0	1.0	4.0	3.0	1.0	1.0	3.0	0	28	14.0	0.0	0.0	0	0	0.0
20.0	0	0	0	0	0.0	0.0	0.0	0.0	0.0	0.0	0.0	0.0	0.0	0.0	0.0	0.0	0.0	0.0	0.0	0.0	0	0	0.0	0.0	0.0	0	0	0.0
29.0	32	10	13	5	0.0	1.0	4.0	1.0	39.0	72.0	12.0	26.0	22.0	8.0	177.0	120.0	136.0	46.0	14.0	28.0	2	1047	32.72	5.0	158.0	8	27	1.0
26.0	36	12	13	5	0.0	4.0	1.0	1.0	47.0	66.0	10.0	34.0	44.0	23.0	165.0	105.0	148.0	19.0	26.0	36.0	3	1247	34.64	8.0	75.0	6	30	7.0
29.0	39	14	13	1	0.0	1.0	0.0	0.0	66.0	56.0	5.0	49.0	40.0	20.0	280.0	136.0	135.0	9.0	45.0	30.0	1	2062	52.87	6.0	205.0	8	32	1.0
26.0	14	8	3	0	0.0	0.0	0.0	0.0	15.0	67.0	1.0	6.0	6.0	2.0	45.0	31.0	38.0	4.0	6.0	9.0	0	244	17.43	1.0	18.0	0	9	1.0
22.0	16	6	7	1	0.0	1.0	0.0	0.0	24.0	71.0	2.0	11.0	16.0	11.0	62.0	85.0	53.0	16.0	38.0	18.0	1	412	25.75	1.0	23.0	0	19	1.0
29.0	167	50	64	10	4.0	3.0	3.0	2.0	212.0	78.0	63.0	113.0	227.0	79.0	482.0	470.0	423.0	49.0	148.0	114.0	4	3881	23.24	2.0	67.0	26	135	7.0
21.0	0	0	0	0	0.0	0.0	0.0	0.0	0.0	0.0	0.0	0.0	0.0	0.0	0.0	0.0	0.0	0.0	0.0	0.0	0	0	0.0	0.0	0.0	0	0	0.0
23.0	16	0	13	0	0.0	0.0	0.0	0.0	6.0	67.0	2.0	7.0	2.0	1.0	15.0	34.0	51.0	13.0	8.0	16.0	2	149	9.31	1.0	9.0	0	5	0.0
18.0	0	0	0	0	0.0	0.0	0.0	0.0	0.0	0.0	0.0	0.0	0.0	0.0	0.0	0.0	0.0	0.0	0.0	0.0	0	0	0.0	0.0	0.0	0	0	0.0
28.0	43	14	20	1	1.0	0.0	0.0	1.0	74.0	64.0	5.0	62.0	273.0	155.0	208.0	280.0	150.0	14.0	169.0	82.0	0	1709	39.74	3.0	2.0	5	27	1.0
26.0	93	25	40	4	2.0	1.0	1.0	1.0	123.0	63.0	4.0	136.0	396.0	204.0	513.0	381.0	324.0	37.0	185.0	183.0	4	3850	41.4	3.0	20.0	16	55	3.0
31.0	231	83	95	7	1.0	2.0	4.0	3.0	338.0	68.0	34.0	331.0	396.0	185.0	897.0	987.0	897.0	104.0	322.0	317.0	15	8783	38.02	29.0	817.0	31	211	10.0
20.0	1	0	0	0	0.0	0.0	0.0	0.0	2.0	100.0	0.0	0.0	1.0	0.0	1.0	3.0	2.0	0.0	0.0	0.0	0	58	58.0	0.0	1.0	0	0	0.0
24.0	66	22	29	2	0.0	1.0	1.0	0.0	113.0	58.0	3.0	154.0	390.0	186.0	327.0	351.0	239.0	4.0	217.0	125.0	2	2655	40.23	2.0	2.0	12	58	0.0
21.0	34	11	15	2	0.0	1.0	1.0	0.0	62.0	69.0	2.0	35.0	86.0	29.0	121.0	176.0	202.0	38.0	62.0	71.0	1	621	18.26	2.0	66.0	4	34	5.0
23.0	24	13	6	0	0.0	0.0	0.0	0.0	41.0	66.0	2.0	28.0	36.0	16.0	116.0	137.0	101.0	37.0	17.0	37.0	6	925	38.54	5.0	38.0	3	14	3.0
21.0	0	0	0	0	0.0	0.0	0.0	0.0	0.0	0.0	0.0	0.0	0.0	0.0	0.0	0.0	0.0	0.0	0.0	0.0	0	0	0.0	0.0	0.0	0	0	0.0
22.0	20	7	11	2	0.0	2.0	0.0	1.0	28.0	75.0	4.0	10.0	9.0	3.0	52.0	117.0	102.0	49.0	6.0	19.0	2	266	13.3	3.0	21.0	4	26	3.0
29.0	183	66	67	4	0.0	3.0	1.0	1.0	471.0	69.0	38.0	328.0	254.0	104.0	1118.0	1000.0	921.0	94.0	304.0	286.0	0	7889	43.11	12.0	20.0	49	253	5.0
25.0	233	80	89	22	0.0	18.0	4.0	5.0	262.0	64.0	71.0	188.0	249.0	134.0	914.0	613.0	874.0	49.0	182.0	303.0	22	6946	29.81	36.0	1110.0	28	193	5.0
28.0	60	19	26	8	0.0	6.0	2.0	0.0	61.0	64.0	23.0	23.0	34.0	13.0	189.0	184.0	241.0	51.0	31.0	52.0	5	1230	20.5	3.0	48.0	6	47	7.0
27.0	70	12	35	3	0.0	1.0	2.0	0.0	91.0	63.0	28.0	15.0	9.0	3.0	212.0	371.0	410.0	187.0	23.0	37.0	4	1328	18.97	9.0	101.0	8	77	5.0
26.0	208	53	99	25	1.0	20.0	3.0	14.0	253.0	64.0	108.0	113.0	74.0	22.0	901.0	924.0	1114.0	415.0	69.0	187.0	18	5788	27.83	37.0	525.0	12	155	48.0
21.0	2	1	1	0	0.0	0.0	0.0	0.0	0.0	0.0	0.0	0.0	0.0	0.0	0.0	7.0	1.0	1.0	1.0	1.0	0	4	2.0	0.0	0.0	0	0	0.0
31.0	176	98	42	8	5.0	2.0	1.0	3.0	226.0	74.0	27.0	183.0	976.0	462.0	824.0	556.0	442.0	26.0	282.0	266.0	4	10036	57.02	5.0	57.0	20	68	3.0
24.0	84	46	21	1	1.0	0.0	0.0	0.0	122.0	59.0	5.0	102.0	384.0	193.0	430.0	379.0	305.0	18.0	199.0	159.0	1	4901	58.35	1.0	5.0	9	73	1.0
22.0	16	8	5	1	1.0	0.0	0.0	0.0	38.0	53.0	0.0	11.0	50.0	28.0	62.0	96.0	59.0	21.0	28.0	20.0	0	642	40.12	2.0	2.0	4	18	0.0
27.0	58	32	13	3	1.0	1.0	1.0	0.0	162.0	67.0	10.0	85.0	149.0	93.0	285.0	394.0	328.0	62.0	130.0	108.0	9	2326	40.1	11.0	229.0	4	79	9.0
27.0	201	96	59	6	0.0	1.0	5.0	2.0	390.0	69.0	32.0	263.0	625.0	310.0	689.0	957.0	842.0	79.0	343.0	346.0	15	8593	42.75	20.0	587.0	26	162	4.0
21.0	6	1	3	0	0.0	0.0	0.0	0.0	17.0	53.0	1.0	11.0	29.0	21.0	27.0	45.0	32.0	6.0	18.0	11.0	0	201	33.5	0.0	2.0	1	8	0.0
28.0	77	32	22	8	3.0	1.0	4.0	2.0	128.0	59.0	16.0	103.0	137.0	96.0	333.0	508.0	388.0	50.0	288.0	205.0	8	2970	38.57	11.0	108.0	7	63	6.0
18.0	0	0	0	0	0.0	0.0	0.0	0.0	0.0	0.0	0.0	0.0	0.0	0.0	0.0	0.0	0.0	0.0	0.0	0.0	0	0	0.0	0.0	0.0	0	0	0.0
22.0	0	0	0	0	0.0	0.0	0.0	0.0	0.0	0.0	0.0	0.0	0.0	0.0	0.0	0.0	0.0	0.0	0.0	0.0	0	0	0.0	0.0	0.0	0	0	0.0
23.0	0	0	0	0	0.0	0.0	0.0	0.0	0.0	0.0	0.0	0.0	0.0	0.0	0.0	0.0	0.0	0.0	0.0	0.0	0	0	0.0	0.0	0.0	0	0	0.0
24.0	96	58	23	2	1.0	1.0	0.0	1.0	88.0	65.0	8.0	73.0	64.0	24.0	394.0	230.0	237.0	51.0	33.0	33.0	2	4198	43.73	3.0	54.0	14	59	2.0
28.0	155	81	36	16	2.0	1.0	12.0	8.0	247.0	74.0	72.0	103.0	32.0	17.0	546.0	633.0	869.0	192.0	38.0	124.0	23	4019	25.93	28.0	374.0	26	213	28.0
26.0	176	102	36	10	4.0	5.0	1.0	2.0	286.0	73.0	32.0	257.0	530.0	316.0	729.0	822.0	703.0	53.0	418.0	305.0	8	9661	54.89	11.0	121.0	33	164	6.0
31.0	235	110	83	14	1.0	12.0	1.0	3.0	280.0	78.0	54.0	163.0	176.0	104.0	1273.0	1069.0	1390.0	386.0	240.0	332.0	24	8466	36.03	34.0	459.0	36	276	24.0
20.0	41	10	25	2	0.0	1.0	1.0	1.0	29.0	62.0	6.0	22.0	48.0	19.0	156.0	113.0	177.0	36.0	24.0	45.0	6	846	20.63	6.0	79.0	0	24	17.0
24.0	157	90	34	50	9.0	31.0	10.0	7.0	237.0	65.0	82.0	127.0	99.0	57.0	750.0	817.0	1078.0	183.0	121.0	184.0	33	5517	35.14	44.0	76.0	24	178	31.0
23.0	23	6	10	2	0.0	1.0	1.0	0.0	24.0	67.0	3.0	14.0	8.0	3.0	83.0	102.0	72.0	40.0	8.0	9.0	2	672	29.22	1.0	13.0	4	15	0.0
21.0	7	3	1	0	0.0	0.0	0.0	0.0	2.0	2.0	1.0	1.0	0.0	0.0	7.0	6.0	9.0	2.0	0.0	1.0	0	39	5.57	0.0	7.0	0	0	0.0
25.0	111	34	49	4	0.0	3.0	1.0	4.0	245.0	65.0	34.0	177.0	131.0	68.0	939.0	639.0	605.0	100.0	153.0	115.0	4	5860	52.79	4.0	89.0	21	149	2.0
19.0	0	0	0	0	0.0	0.0	0.0	0.0	0.0	0.0	0.0	0.0	0.0	0.0	0.0	0.0	0.0	0.0	0.0	0.0	0	0	0.0	0.0	0.0	0	0	0.0
24.0	29	11	8	0	0.0	0.0	0.0	0.0	51.0	57.0	7.0	9.0	17.0	8.0	124.0	140.0	151.0	33.0	9.0	22.0	2	995	34.31	1.0	57.0	7	30	0.0
24.0	5	0	5	0	0.0	0.0	0.0	0.0	3.0	100.0	1.0	9.0	12.0	7.0	11.0	27.0	23.0	3.0	15.0	9.0	0	117	23.4	0.0	12.0	1	5	1.0
30.0	172	88	40	2	0.0	0.0	2.0	1.0	332.0	68.0	20.0	307.0	496.0	243.0	715.0	757.0	640.0	127.0	239.0	260.0	9	6012	34.95	13.0	429.0	17	112	13.0
29.0	23	6	11	0	0.0	0.0	0.0	0.0	32.0	72.0	2.0	26.0	115.0	63.0	59.0	95.0	50.0	5.0	46.0	22.0	0	776	33.74	0.0	3.0	6	22	2.0
26.0	2	0	2	0	0.0	0.0	0.0	0.0	0.0	0.0	0.0	2.0	3.0	2.0	9.0	1.0	7.0	0.0	1.0	0.0	0	54	27.0	0.0	0.0	1	2	0.0
27.0	0	0	0	0	0.0	0.0	0.0	0.0	0.0	0.0	0.0	0.0	0.0	0.0	0.0	0.0	0.0	0.0	0.0	0.0	0	0	0.0	0.0	0.0	0	0	0.0
29.0	38	6	19	2	2.0	0.0	0.0	0.0	58.0	66.0	0.0	60.0	270.0	152.0	183.0	192.0	145.0	22.0	103.0	84.0	0	1186	31.21	0.0	10.0	4	24	2.0
21.0	2	0	2	0	0.0	0.0	0.0	0.0	8.0	38.0	0.0	1.0	6.0	5.0	11.0	12.0	7.0	0.0	3.0	3.0	0	79	39.5	0.0	0.0	0	2	0.0
23.0	0	0	0	0	0.0	0.0	0.0	0.0	0.0	0.0	0.0	0.0	0.0	0.0	0.0	0.0	0.0	0.0	0.0	0.0	0	0	0.0	0.0	0.0	0	0	0.0
33.0	20	7	12	0	0.0	0.0	0.0	0.0	39.0	64.0	0.0	18.0	53.0	29.0	70.0	78.0	54.0	3.0	30.0	26.0	0	342	17.1	0.0	6.0	4	15	0.0
36.0	261	152	50	22	7.0	13.0	2.0	8.0	528.0	81.0	40.0	393.0	1137.0	533.0	1154.0	1427.0	915.0	106.0	587.0	325.0	20	9871	37.82	20.0	520.0	55	293	18.0
30.0	180	52	87	7	0.0	6.0	1.0	7.0	363.0	70.0	41.0	227.0	164.0	62.0	903.0	633.0	665.0	81.0	108.0	140.0	9	6813	37.85	11.0	56.0	30	199	3.0
29.0	110	28	55	10	2.0	6.0	2.0	2.0	100.0	65.0	40.0	70.0	83.0	32.0	408.0	435.0	648.0	175.0	114.0	171.0	22	1831	16.65	23.0	536.0	6	57	20.0
32.0	15	4	7	0	0.0	0.0	0.0	1.0	4.0	100.0	4.0	8.0	6.0	3.0	36.0	21.0	59.0	13.0	1.0	11.0	4	251	16.73	5.0	84.0	1	12	6.0
20.0	2	1	1	0	0.0	0.0	0.0	0.0	1.0	100.0	0.0	1.0	0.0	0.0	2.0	2.0	2.0	1.0	0.0	0.0	0	18	9.0	0.0	0.0	0	1	0.0
28.0	2	0	2	0	0.0	0.0	0.0	0.0	2.0	2.0	0.0	2.0	1.0	1.0	9.0	6.0	9.0	0.0	2.0	0.0	0	63	31.5	0.0	0.0	0	1	0.0
22.0	20	5	9	1	0.0	0.0	1.0	0.0	21.0	86.0	4.0	15.0	9.0	7.0	56.0	47.0	55.0	4.0	12.0	14.0	0	275	13.75	0.0	15.0	5	16	0.0
22.0	19	7	10	1	0.0	0.0	1.0	0.0	23.0	48.0	3.0	4.0	5.0	3.0	49.0	72.0	85.0	25.0	9.0	22.0	1	298	15.68	3.0	14.0	0	4	2.0
20.0	0	0	0	0	0.0	0.0	0.0	0.0	0.0	0.0	0.0	0.0	0.0	0.0	0.0	0.0	0.0	0.0	0.0	0.0	0	0	0.0	0.0	0.0	0	0	0.0
30.0	190	61	75	8	0.0	1.0	7.0	5.0	212.0	62.0	28.0	230.0	515.0	256.0	855.0	645.0	584.0	60.0	260.0	208.0	18	6957	36.62	27.0	752.0	23	88	18.0
29.0	40	15	19	2	0.0	2.0	0.0	1.0	57.0	56.0	5.0	79.0	243.0	125.0	167.0	188.0	165.0	3.0	124.0	99.0	0	1335	33.38	1.0	2.0	4	25	0.0
19.0	0	0	0	0	0.0	0.0	0.0	0.0	0.0	0.0	0.0	0.0	0.0	0.0	0.0	0.0	0.0	0.0	0.0	0.0	0	0	0.0	0.0	0.0	0	0	0.0
32.0	137	47	53	4	2.0	0.0	1.0	1.0	171.0	68.0	10.0	208.0	689.0	367.0	585.0	626.0	377.0	27.0	373.0	227.0	1	4633	33.82	2.0	9.0	16	88	1.0
23.0	67	23	29	4	3.0	1.0	0.0	0.0	97.0	56.0	2.0	114.0	326.0	157.0	330.0	291.0	176.0	11.0	157.0	90.0	1	2212	33.01	3.0	1.0	12	49	4.0
27.0	44	13	22	1	0.0	1.0	0.0	0.0	122.0	66.0	4.0	41.0	109.0	54.0	170.0	234.0	169.0	23.0	59.0	52.0	4	1358	30.86	5.0	89.0	14	38	2.0
26.0	81	26	33	0	0.0	0.0	0.0	0.0	196.0	59.0	5.0	102.0	140.0	69.0	458.0	506.0	419.0	180.0	74.0	70.0	6	2578	31.83	7.0	197.0	12	72	2.0
20.0	4	1	1	0	0.0	0.0	0.0	0.0	9.0	44.0	0.0	4.0	13.0	3.0	13.0	18.0	20.0	1.0	7.0	5.0	0	135	33.75	0.0	11.0	0	8	0.0
19.0	0	0	0	0	0.0	0.0	0.0	0.0	0.0	0.0	0.0	0.0	0.0	0.0	0.0	0.0	0.0	0.0	0.0	0.0	0	0	0.0	0.0	0.0	0	0	0.0
18.0	0	0	0	0	0.0	0.0	0.0	0.0	0.0	0.0	0.0	0.0	0.0	0.0	0.0	0.0	0.0	0.0	0.0	0.0	0	0	0.0	0.0	0.0	0	0	0.0
27.0	63	20	32	10	0.0	7.0	3.0	3.0	136.0	60.0	25.0	63.0	22.0	8.0	339.0	366.0	387.0	139.0	16.0	45.0	8	2567	40.75	14.0	155.0	4	44	7.0
27.0	122	39	49	20	1.0	15.0	4.0	2.0	123.0	67.0	56.0	118.0	30.0	7.0	682.0	533.0	513.0	256.0	20.0	61.0	13	5096	41.77	18.0	257.0	19	50	20.0
33.0	160	43	78	26	2.0	1.0	23.0	7.0	265.0	72.0	78.0	106.0	105.0	36.0	623.0	864.0	1119.0	154.0	158.0	271.0	23	4715	29.47	35.0	1090.0	30	199	27.0
33.0	383	130	158	46	0.0	44.0	2.0	7.0	860.0	70.0	91.0	566.0	264.0	71.0	2330.0	1607.0	1534.0	243.0	99.0	131.0	35	17862	46.64	35.0	958.0	81	380	27.0
24.0	38	10	19	2	0.0	2.0	0.0	1.0	47.0	60.0	10.0	26.0	8.0	3.0	160.0	92.0	158.0	17.0	10.0	49.0	5	893	23.5	4.0	63.0	3	19	7.0
28.0	182	87	52	8	1.0	2.0	5.0	10.0	217.0	74.0	43.0	153.0	53.0	12.0	915.0	926.0	793.0	339.0	59.0	60.0	18	7494	41.18	32.0	239.0	36	169	10.0
21.0	101	33	44	3	1.0	2.0	0.0	3.0	254.0	57.0	15.0	160.0	180.0	83.0	681.0	489.0	362.0	79.0	141.0	115.0	3	3942	39.03	2.0	39.0	11	64	3.0
24.0	3	2	0	0	0.0	0.0	0.0	0.0	0.0	0.0	0.0	2.0	1.0	0.0	1.0	0.0	1.0	0.0	0.0	0.0	0	4	1.33	0.0	0.0	0	0	0.0
20.0	0	0	0	0	0.0	0.0	0.0	0.0	0.0	0.0	0.0	0.0	0.0	0.0	0.0	0.0	0.0	0.0	0.0	0.0	0	0	0.0	0.0	0.0	0	0	0.0
30.0	135	46	56	37	18.0	15.0	5.0	13.0	120.0	71.0	72.0	126.0	123.0	57.0	479.0	926.0	1066.0	297.0	316.0	413.0	14	2689	19.92	21.0	322.0	14	153	60.0
29.0	60	24	18	4	3.0	0.0	0.0	0.0	147.0	61.0	6.0	116.0	285.0	176.0	336.0	425.0	214.0	22.0	234.0	95.0	1	2779	46.32	5.0	2.0	3	55	4.0
27.0	79	33	23	0	0.0	0.0	0.0	0.0	71.0	63.0	0.0	62.0	251.0	128.0	504.0	160.0	116.0	7.0	68.0	50.0	0	3617	45.78	2.0	0.0	10	28	0.0
26.0	68	27	19	3	0.0	3.0	0.0	1.0	170.0	58.0	18.0	113.0	82.0	35.0	329.0	367.0	382.0	62.0	74.0	102.0	3	2162	31.79	3.0	100.0	10	57	7.0
21.0	34	14	10	0	0.0	0.0	0.0	0.0	40.0	60.0	2.0	26.0	31.0	14.0	102.0	107.0	116.0	35.0	16.0	28.0	0	556	16.35	3.0	83.0	2	19	1.0
23.0	4	2	1	0	0.0	0.0	0.0	0.0	4.0	50.0	0.0	4.0	7.0	3.0	9.0	17.0	11.0	1.0	12.0	10.0	0	101	25.25	0.0	0.0	0	2	0.0
22.0	1	1	0	0	0.0	0.0	0.0	0.0	0.0	0.0	0.0	0.0	0.0	0.0	0.0	1.0	3.0	0.0	1.0	0.0	0	14	14.0	0.0	0.0	0	0	0.0
31.0	2	1	1	0	0.0	0.0	0.0	0.0	2.0	50.0	0.0	2.0	3.0	2.0	4.0	11.0	5.0	2.0	6.0	3.0	0	37	18.5	0.0	1.0	1	1	0.0
18.0	0	0	0	0	0.0	0.0	0.0	0.0	0.0	0.0	0.0	0.0	0.0	0.0	0.0	0.0	0.0	0.0	0.0	0.0	0	0	0.0	0.0	0.0	0	0	0.0
23.0	75	30	23	6	0.0	6.0	0.0	2.0	139.0	47.0	55.0	131.0	77.0	30.0	601.0	263.0	290.0	33.0	60.0	62.0	5	4024	53.65	7.0	61.0	17	66	0.0
24.0	11	5	2	1	1.0	0.0	0.0	0.0	7.0	57.0	4.0	2.0	1.0	0.0	17.0	28.0	30.0	10.0	0.0	11.0	2	143	13.0	4.0	9.0	0	6	3.0
30.0	54	24	16	5	3.0	1.0	1.0	1.0	97.0	68.0	6.0	87.0	187.0	101.0	276.0	326.0	225.0	13.0	186.0	106.0	1	2453	45.43	4.0	18.0	17	72	2.0
34.0	78	32	23	2	0.0	1.0	1.0	1.0	210.0	52.0	10.0	91.0	59.0	20.0	530.0	340.0	405.0	28.0	43.0	70.0	14	3778	48.44	16.0	422.0	11	95	3.0
25.0	59	26	15	6	1.0	3.0	2.0	2.0	124.0	47.0	6.0	61.0	92.0	61.0	246.0	328.0	271.0	28.0	158.0	138.0	0	1966	33.32	2.0	16.0	6	43	1.0
20.0	1	1	0	0	0.0	0.0	0.0	0.0	0.0	0.0	0.0	0.0	0.0	0.0	1.0	1.0	0.0	1.0	0.0	0.0	0	5	5.0	0.0	0.0	0	0	0.0
21.0	0	0	0	0	0.0	0.0	0.0	0.0	0.0	0.0	0.0	0.0	0.0	0.0	0.0	0.0	0.0	0.0	0.0	0.0	0	0	0.0	0.0	0.0	0	0	0.0
